V 54
K 1
D 0 -762000 3302000 0
Y 1
U 2921000 762000 254000 0 2 3 REFDES=IC?
U 2921000 508000 254000 0 2 3 DEVICE=MAX3267CSA+
U 2921000 254000 254000 0 2 0 PKG_TYPE=SOIC127P600X175-8N
U 2921000 0 254000 0 2 0 Description=The MAX3266 is a transimpedance preamplifier for 1.25Gbps local area network (LAN) fiber optic receivers. The circuit features 200nA input-referred noise, 920MHz bandwidth, and 1mA input overload.
U 2921000 -254000 254000 0 2 0 Datasheet Link=https://www.analog.com/media/en/technical-documentation/data-sheets/MAX3266-MAX3267.pdf
U 2921000 -508000 254000 0 2 0 Height=1.75
U 2921000 -762000 254000 0 2 0 Manufacturer_Name=Analog Devices
U 2921000 -1016000 254000 0 2 0 Manufacturer_Part_Number=MAX3267CSA+
U 2921000 -1270000 254000 0 2 0 Mouser Part Number=
U 2921000 -1524000 254000 0 2 0 Mouser Price/Stock=
U 2921000 -1778000 254000 0 2 0 Arrow Part Number=
U 2921000 -2032000 254000 0 2 0 Arrow Price/Stock=
U 0 0 254000 0 1 0 FORWARD_PCB=1
l 5 508000 254000 2794000 254000 2794000 -1016000 508000 -1016000 508000 254000
|GRPHSTL -1 -1 -1 1
P 1 0 0 508000 0 0 2 0
L 584200 0 228600 0 2 0 1 0 VCC
A 355600 50800 203200 0 9 3 #=1
A 0 0 9 0 3 0 PINTYPE=BI
P 2 0 -254000 508000 -254000 0 2 0
L 584200 -254000 228600 0 2 0 1 0 N.C.
A 355600 -203200 203200 0 9 3 #=2
A 0 0 9 0 3 0 PINTYPE=BI
P 3 0 -508000 508000 -508000 0 2 0
L 584200 -508000 228600 0 2 0 1 0 IN
A 355600 -457200 203200 0 9 3 #=3
A 0 0 9 0 3 0 PINTYPE=BI
P 4 0 -762000 508000 -762000 0 2 0
L 584200 -762000 228600 0 2 0 1 0 FILTER
A 355600 -711200 203200 0 9 3 #=4
A 0 0 9 0 3 0 PINTYPE=BI
P 5 3302000 0 2794000 0 0 3 0
L 2717800 0 228600 0 8 0 1 0 GND_2
A 2946400 50800 203200 0 3 3 #=8
A 0 0 9 0 3 0 PINTYPE=BI
P 6 3302000 -254000 2794000 -254000 0 3 0
L 2717800 -254000 228600 0 8 0 1 0 OUT+
A 2946400 -203200 203200 0 3 3 #=7
A 0 0 9 0 3 0 PINTYPE=BI
P 7 3302000 -508000 2794000 -508000 0 3 0
L 2717800 -508000 228600 0 8 0 1 0 OUT-
A 2946400 -457200 203200 0 3 3 #=6
A 0 0 9 0 3 0 PINTYPE=BI
P 8 3302000 -762000 2794000 -762000 0 3 0
L 2717800 -762000 228600 0 8 0 1 0 GND_1
A 2946400 -711200 203200 0 3 3 #=5
A 0 0 9 0 3 0 PINTYPE=BI
E
